[gd_scene format=3 uid="uid://be0hgt7gls2r3"]

[ext_resource type="PackedScene" uid="uid://c68cnxdxawm3j" path="res://MonsterManager.tscn" id="1_0hcv4"]
[ext_resource type="PackedScene" uid="uid://dxyrscfjwxhlr" path="res://classroom_2.tscn" id="1_6e7js"]
[ext_resource type="PackedScene" uid="uid://cptgpngwtjs8p" path="res://Imports/Classroom/table.glb" id="2_wx4mr"]
[ext_resource type="PackedScene" uid="uid://cr74o1fgw2nop" path="res://Imports/Classroom/plug_strip.glb" id="3_6e7js"]
[ext_resource type="PackedScene" uid="uid://dopko7uc5xypi" path="res://Imports/Classroom/computer.glb" id="4_0hcv4"]
[ext_resource type="PackedScene" uid="uid://bfghiccahw1um" path="res://Imports/Classroom/screen.glb" id="5_37esg"]
[ext_resource type="PackedScene" uid="uid://qibyhbciwxik" path="res://Imports/Classroom/keyboard.glb" id="6_5spf0"]
[ext_resource type="PackedScene" uid="uid://cl3e0q0h40lf8" path="res://Imports/Classroom/mouse.glb" id="7_ubcxn"]
[ext_resource type="PackedScene" uid="uid://byf5mpdrpeim1" path="res://Imports/Classroom/chair.glb" id="8_lxqy8"]
[ext_resource type="PhysicsMaterial" uid="uid://b14psdio4rvtv" path="res://Phys_Materials/pm_chair.tres" id="9_5spf0"]
[ext_resource type="PhysicsMaterial" uid="uid://c2o0toilrsgpm" path="res://Phys_Materials/pm_classroom_floor.tres" id="11_5spf0"]

[sub_resource type="PhysicsMaterial" id="PhysicsMaterial_6e7js"]

[sub_resource type="BoxShape3D" id="BoxShape3D_0hcv4"]
size = Vector3(1.5920639, 1.4169312, 0.69955444)

[sub_resource type="BoxShape3D" id="BoxShape3D_6e7js"]
size = Vector3(0.4489746, 0.7763672, 0.47540283)

[sub_resource type="BoxShape3D" id="BoxShape3D_37esg"]
size = Vector3(11.327148, 2.6334658, 10.172852)

[node name="Classroom" type="Node3D" unique_id=1757342605]

[node name="MonsterManager" parent="." unique_id=172152581 instance=ExtResource("1_0hcv4")]

[node name="SpawnPoint0" parent="MonsterManager" index="0" unique_id=1914715799]
transform = Transform3D(1, 0, 0, 0, 1, 0, 0, 0, 1, 2.5166378, 2.3629239, -2.8385105)

[node name="SpawnPoint1" parent="MonsterManager" index="1" unique_id=714348468]
transform = Transform3D(1, 0, 0, 0, 1, 0, 0, 0, 1, -2.59859, 2.7248795, -3.0494828)

[node name="SpawnPoint2" parent="MonsterManager" index="2" unique_id=578697405]
transform = Transform3D(1, 0, 0, 0, 1, 0, 0, 0, 1, -2.6712158, 2.869998, 3.302866)

[node name="SpawnPoint3" parent="MonsterManager" index="3" unique_id=119590466]
transform = Transform3D(1, 0, 0, 0, 1, 0, 0, 0, 1, 2.5580606, 2.8058972, 3.2090364)

[node name="classroom2" parent="." unique_id=619868367 instance=ExtResource("1_6e7js")]

[node name="Tables" type="Node3D" parent="." unique_id=1287314034]

[node name="table2SB" type="StaticBody3D" parent="Tables" unique_id=1968769017]
physics_material_override = SubResource("PhysicsMaterial_6e7js")

[node name="table2" parent="Tables/table2SB" unique_id=1457675071 instance=ExtResource("2_wx4mr")]
transform = Transform3D(1, 0, 0, 0, 1, 0, 0, 0, 1, -2.8319507, 0, -2.9461558)

[node name="plug_strip2" parent="Tables/table2SB/table2" unique_id=1510069883 instance=ExtResource("3_6e7js")]
transform = Transform3D(-1, 0, -8.742278e-08, 0, 1, 0, 8.742278e-08, 0, -1, 0.09862709, 0.5526746, -0.3105018)

[node name="computer3" parent="Tables/table2SB/table2" unique_id=77513618 instance=ExtResource("4_0hcv4")]
transform = Transform3D(0.99979043, 0, -0.020471282, 0, 1, 0, 0.020471282, 0, 0.99979043, 0.621449, 0.55149186, -0.11918759)

[node name="screen4" parent="Tables/table2SB/table2" unique_id=74319075 instance=ExtResource("5_37esg")]
transform = Transform3D(0.98912656, 0, 0.14706713, 0, 1, 0, -0.14706713, 0, 0.98912656, 0.031324863, 0.55566627, -0.17169833)

[node name="computer4" parent="Tables/table2SB/table2" unique_id=1608266832 instance=ExtResource("4_0hcv4")]
transform = Transform3D(0.98891497, 0, 0.14848256, 0, 1, 0, -0.14848256, 0, 0.98891497, -0.48917198, 0.55149186, -0.04323268)

[node name="keyboard2" parent="Tables/table2SB/table2" unique_id=1490147045 instance=ExtResource("6_5spf0")]
transform = Transform3D(0.99581456, 0, -0.091397315, 0, 1, 0, 0.091397315, 0, 0.99581456, -0.011007786, 0.5573265, 0.14075041)

[node name="mouse2" parent="Tables/table2SB/table2" unique_id=317747958 instance=ExtResource("7_ubcxn")]
transform = Transform3D(0.9909996, 0, 0.13386519, 0, 1, 0, -0.13386519, 0, 0.9909996, 0.39945674, 0.5531717, 0.21434999)

[node name="table2CS" type="CollisionShape3D" parent="Tables/table2SB" unique_id=1361787335]
transform = Transform3D(1, 0, 0, 0, 1, 0, 0, 0, 1, -2.8329844, 0.20846558, -2.9546244)
shape = SubResource("BoxShape3D_0hcv4")

[node name="table3SB" type="StaticBody3D" parent="Tables" unique_id=1665381882]

[node name="table2CS" type="CollisionShape3D" parent="Tables/table3SB" unique_id=1158005688]
transform = Transform3D(1, 0, 0, 0, 1, 0, 0, 0, 1, -1.2105263, 0.20846558, -2.948198)
shape = SubResource("BoxShape3D_0hcv4")

[node name="table3" parent="Tables/table3SB" unique_id=63435669 instance=ExtResource("2_wx4mr")]
transform = Transform3D(1, 0, 0, 0, 1, 0, 0, 0, 1, -1.2237175, 0, -2.9407952)

[node name="plug_strip2" parent="Tables/table3SB/table3" unique_id=1192621800 instance=ExtResource("3_6e7js")]
transform = Transform3D(-1, 0, -8.742278e-08, 0, 1, 0, 8.742278e-08, 0, -1, 0.09862709, 0.5526746, -0.3105018)

[node name="screen2" parent="Tables/table3SB/table3" unique_id=794811748 instance=ExtResource("5_37esg")]
transform = Transform3D(0.99999964, 0, -0.0009773821, 0, 1, 0, 0.0009773821, 0, 0.99999964, -0.36251795, 0.55566627, -0.17238808)

[node name="screen3" parent="Tables/table3SB/table3" unique_id=1034119044 instance=ExtResource("5_37esg")]
transform = Transform3D(0.99954265, 0, -0.030241951, 0, 1, 0, 0.030241951, 0, 0.99954265, 0.20347285, 0.55566627, -0.17270422)

[node name="computer2" parent="Tables/table3SB/table3" unique_id=2021814223 instance=ExtResource("4_0hcv4")]
transform = Transform3D(0.99840647, 0, -0.056431413, 0, 1, 0, 0.056431413, 0, 0.99840647, 0.61331534, 0.55149186, -0.03395343)

[node name="keyboard3" parent="Tables/table3SB/table3" unique_id=55660121 instance=ExtResource("6_5spf0")]
transform = Transform3D(0.99984074, 0, -0.017853769, 0, 1, 0, 0.017853769, 0, 0.99984074, -0.40270793, 0.5573265, 0.2078855)

[node name="mouse3" parent="Tables/table3SB/table3" unique_id=897133551 instance=ExtResource("7_ubcxn")]
transform = Transform3D(0.9953292, 0, 0.096540734, 0, 1, 0, -0.096540734, 0, 0.9953292, -0.126549, 0.5531717, 0.15338492)

[node name="keyboard4" parent="Tables/table3SB/table3" unique_id=1372694906 instance=ExtResource("6_5spf0")]
transform = Transform3D(0.9982565, 0, -0.059027605, 0, 1, 0, 0.059027605, 0, 0.9982565, 0.24528873, 0.55732656, 0.19322515)

[node name="mouse4" parent="Tables/table3SB/table3" unique_id=1341856329 instance=ExtResource("7_ubcxn")]
transform = Transform3D(0.99739957, 0, -0.07207186, 0, 1, 0, 0.07207186, 0, 0.99739957, 0.4705028, 0.5531717, 0.23881388)

[node name="table4SB" type="StaticBody3D" parent="Tables" unique_id=765274065]

[node name="table4" parent="Tables/table4SB" unique_id=1794861746 instance=ExtResource("2_wx4mr")]
transform = Transform3D(-0.99999994, 0, 0.00055859284, 0, 1, 0, -0.00055859284, 0, -0.99999994, 2.829128, 0, 1.6912689)

[node name="plug_strip2" parent="Tables/table4SB/table4" unique_id=966861752 instance=ExtResource("3_6e7js")]
transform = Transform3D(-0.99999994, 0, -8.742791e-08, 0, 1, 0, 8.742791e-08, 0, -0.99999994, 0.09897208, 0.5526746, 0.3079412)

[node name="screen3" parent="Tables/table4SB/table4" unique_id=1682736047 instance=ExtResource("5_37esg")]
transform = Transform3D(-0.9721697, 0, -0.2342769, 0, 1, 0, 0.2342769, 0, -0.9721697, -0.087655544, 0.55566627, 0.19314075)

[node name="computer2" parent="Tables/table4SB/table4" unique_id=550734589 instance=ExtResource("4_0hcv4")]
transform = Transform3D(-0.999781, 0, -0.020907637, 0, 1, 0, 0.020907637, 0, -0.999781, -0.639853, 0.55149186, 0.071591616)

[node name="keyboard4" parent="Tables/table4SB/table4" unique_id=1455886883 instance=ExtResource("6_5spf0")]
transform = Transform3D(-0.9798199, 0, -0.19988105, 0, 1, 0, 0.19988105, 0, -0.9798199, -0.065410376, 0.55732656, -0.13669908)

[node name="mouse4" parent="Tables/table4SB/table4" unique_id=644856850 instance=ExtResource("7_ubcxn")]
transform = Transform3D(-0.9955701, 0, 0.094021276, 0, 1, 0, -0.094021276, 0, -0.9955701, -0.4073105, 0.5531717, -0.22561896)

[node name="table4CS" type="CollisionShape3D" parent="Tables/table4SB" unique_id=429891671]
transform = Transform3D(1, 0, 0, 0, 1, 0, 0, 0, 1, 2.8027854, 0.20846558, 1.6874983)
shape = SubResource("BoxShape3D_0hcv4")

[node name="table6SB" type="StaticBody3D" parent="Tables" unique_id=1551437234]

[node name="table6" parent="Tables/table6SB" unique_id=363015541 instance=ExtResource("2_wx4mr")]
transform = Transform3D(-0.9999748, 0, 0.0071035177, 0, 1, 0, -0.0071035177, 0, -0.9999748, 2.8258245, 0, -0.10597396)

[node name="plug_strip2" parent="Tables/table6SB/table6" unique_id=355582590 instance=ExtResource("3_6e7js")]
transform = Transform3D(-0.99999994, 0, -8.742791e-08, 0, 1, 0, 8.742791e-08, 0, -0.99999994, 0.09897208, 0.5526746, 0.3079412)

[node name="screen3" parent="Tables/table6SB/table6" unique_id=65723481 instance=ExtResource("5_37esg")]
transform = Transform3D(-0.99998343, 0, -0.0057596555, 0, 1, 0, 0.0057596555, 0, -0.99998343, 0.049405813, 0.55566627, 0.2312192)

[node name="computer2" parent="Tables/table6SB/table6" unique_id=1199699760 instance=ExtResource("4_0hcv4")]
transform = Transform3D(-0.9998164, 0, 0.019162446, 0, 1, 0, -0.019162446, 0, -0.9998164, -0.5637865, 0.55149186, 0.024472088)

[node name="keyboard4" parent="Tables/table6SB/table6" unique_id=1669091804 instance=ExtResource("6_5spf0")]
transform = Transform3D(-0.9630454, 0, -0.26934016, 0, 1, 0, 0.26934016, 0, -0.9630454, 0.2620437, 0.55732656, -0.15404452)

[node name="mouse4" parent="Tables/table6SB/table6" unique_id=1057704041 instance=ExtResource("7_ubcxn")]
transform = Transform3D(-0.99656993, 0, -0.0827562, 0, 1, 0, 0.0827562, 0, -0.99656993, -0.1366179, 0.5531717, -0.26347864)

[node name="table6CS" type="CollisionShape3D" parent="Tables/table6SB" unique_id=1501006369]
transform = Transform3D(1, 0, 0, 0, 1, 0, 0, 0, 1, 2.8411813, 0.20846558, -0.1223678)
shape = SubResource("BoxShape3D_0hcv4")

[node name="table8SB" type="StaticBody3D" parent="Tables" unique_id=1868831199]

[node name="table8" parent="Tables/table8SB" unique_id=155348628 instance=ExtResource("2_wx4mr")]
transform = Transform3D(-0.99999994, 0, 0.00055859284, 0, 1, 0, -0.00055859284, 0, -0.99999994, 2.8445234, 0, -2.0733733)

[node name="plug_strip2" parent="Tables/table8SB/table8" unique_id=984527920 instance=ExtResource("3_6e7js")]
transform = Transform3D(-0.99999994, 0, -8.742791e-08, 0, 1, 0, 8.742791e-08, 0, -0.99999994, 0.09897208, 0.5526746, 0.3079412)

[node name="screen3" parent="Tables/table8SB/table8" unique_id=1004932670 instance=ExtResource("5_37esg")]
transform = Transform3D(-0.9999833, 0, -0.0057596555, 0, 1, 0, 0.0057596555, 0, -0.9999833, -0.063577175, 0.55566627, 0.12105036)

[node name="computer2" parent="Tables/table8SB/table8" unique_id=653941947 instance=ExtResource("4_0hcv4")]
transform = Transform3D(-0.9951502, 0, -0.09836461, 0, 1, 0, 0.09836461, 0, -0.9951502, -0.5027933, 0.55149186, 0.035428762)

[node name="keyboard4" parent="Tables/table8SB/table8" unique_id=131857195 instance=ExtResource("6_5spf0")]
transform = Transform3D(-0.99965507, 0, -0.026264284, 0, 1, 0, 0.026264284, 0, -0.99965507, -0.0109119415, 0.55732656, -0.17245781)

[node name="mouse4" parent="Tables/table8SB/table8" unique_id=1535750260 instance=ExtResource("7_ubcxn")]
transform = Transform3D(-0.99656993, 0, -0.082756184, 0, 1, 0, 0.082756184, 0, -0.99656993, -0.31630516, 0.5531717, -0.21183825)

[node name="table8CS" type="CollisionShape3D" parent="Tables/table8SB" unique_id=82913200]
transform = Transform3D(1, 0, 0, 0, 1, 0, 0, 0, 1, 2.8474433, 0.20846558, -2.0769844)
shape = SubResource("BoxShape3D_0hcv4")

[node name="table10SB" type="StaticBody3D" parent="Tables" unique_id=50874977]

[node name="table10" parent="Tables/table10SB" unique_id=596975379 instance=ExtResource("2_wx4mr")]
transform = Transform3D(1, 0, 0, 0, 1, 0, 0, 0, 1, -2.806439, 0, -1.1042752)

[node name="plug_strip2" parent="Tables/table10SB/table10" unique_id=886850135 instance=ExtResource("3_6e7js")]
transform = Transform3D(-1, 0, -8.742278e-08, 0, 1, 0, 8.742278e-08, 0, -1, 0.09862709, 0.5526746, -0.3105018)

[node name="computer3" parent="Tables/table10SB/table10" unique_id=357362393 instance=ExtResource("4_0hcv4")]
transform = Transform3D(0.99624175, 0, 0.08661675, 0, 1, 0, -0.08661675, 0, 0.99624175, 0.621449, 0.55149186, -0.11918759)

[node name="screen4" parent="Tables/table10SB/table10" unique_id=1712326574 instance=ExtResource("5_37esg")]
transform = Transform3D(0.99804646, 0, 0.062476985, 0, 1, 0, -0.062476985, 0, 0.99804646, 0.06867409, 0.5556664, -0.15004647)

[node name="computer4" parent="Tables/table10SB/table10" unique_id=977510993 instance=ExtResource("4_0hcv4")]
transform = Transform3D(0.98891497, 0, 0.14848256, 0, 1, 0, -0.14848256, 0, 0.98891497, -0.5307176, 0.55149186, -0.04323268)

[node name="keyboard2" parent="Tables/table10SB/table10" unique_id=2057691309 instance=ExtResource("6_5spf0")]
transform = Transform3D(0.99921805, 0, 0.039538853, 0, 1, 0, -0.039538853, 0, 0.99921805, 0.00082445145, 0.5573266, 0.17775697)

[node name="mouse2" parent="Tables/table10SB/table10" unique_id=2128550951 instance=ExtResource("7_ubcxn")]
transform = Transform3D(0.99538285, 0, 0.09598482, 0, 1, 0, -0.09598482, 0, 0.99538285, 0.297745, 0.5531717, 0.18238229)

[node name="table10CS" type="CollisionShape3D" parent="Tables/table10SB" unique_id=2102658595]
transform = Transform3D(1, 0, 0, 0, 1, 0, 0, 0, 1, -2.7980666, 0.20846558, -1.1160085)
shape = SubResource("BoxShape3D_0hcv4")

[node name="table11SB" type="StaticBody3D" parent="Tables" unique_id=110167932]

[node name="table11" parent="Tables/table11SB" unique_id=325136407 instance=ExtResource("2_wx4mr")]
transform = Transform3D(1, 0, 0, 0, 1, 0, 0, 0, 1, -1.202206, 0, -1.1086032)

[node name="plug_strip2" parent="Tables/table11SB/table11" unique_id=673198059 instance=ExtResource("3_6e7js")]
transform = Transform3D(-1, 0, -8.742278e-08, 0, 1, 0, 8.742278e-08, 0, -1, 0.09862709, 0.5526746, -0.3105018)

[node name="screen2" parent="Tables/table11SB/table11" unique_id=777316688 instance=ExtResource("5_37esg")]
transform = Transform3D(0.9963573, 0, 0.08527782, 0, 1, 0, -0.08527782, 0, 0.9963573, -0.4083265, 0.55566627, -0.16641438)

[node name="screen3" parent="Tables/table11SB/table11" unique_id=1423838036 instance=ExtResource("5_37esg")]
transform = Transform3D(0.9998422, 0, -0.01776652, 0, 1, 0, 0.01776652, 0, 0.9998422, 0.20347285, 0.55566627, -0.17270422)

[node name="computer2" parent="Tables/table11SB/table11" unique_id=1873477473 instance=ExtResource("4_0hcv4")]
transform = Transform3D(0.99840647, 0, -0.056431413, 0, 1, 0, 0.056431413, 0, 0.99840647, 0.6436918, 0.551492, -0.05535531)

[node name="keyboard3" parent="Tables/table11SB/table11" unique_id=1395786871 instance=ExtResource("6_5spf0")]
transform = Transform3D(0.99984074, 0, -0.017853769, 0, 1, 0, 0.017853769, 0, 0.99984074, -0.4310224, 0.5573265, 0.14420956)

[node name="mouse3" parent="Tables/table11SB/table11" unique_id=596845177 instance=ExtResource("7_ubcxn")]
transform = Transform3D(0.9953292, 0, 0.096540734, 0, 1, 0, -0.096540734, 0, 0.9953292, -0.17896235, 0.5531717, 0.15338492)

[node name="keyboard4" parent="Tables/table11SB/table11" unique_id=1002338901 instance=ExtResource("6_5spf0")]
transform = Transform3D(0.9917274, 0, -0.12836291, 0, 1, 0, 0.12836291, 0, 0.9917274, 0.23171502, 0.55732644, 0.14918667)

[node name="mouse4" parent="Tables/table11SB/table11" unique_id=1452939487 instance=ExtResource("7_ubcxn")]
transform = Transform3D(0.99739957, 0, -0.07207186, 0, 1, 0, 0.07207186, 0, 0.99739957, 0.48941272, 0.5531717, 0.22062385)

[node name="table11CS" type="CollisionShape3D" parent="Tables/table11SB" unique_id=1807863388]
transform = Transform3D(1, 0, 0, 0, 1, 0, 0, 0, 1, -1.2105263, 0.20846558, -1.1175953)
shape = SubResource("BoxShape3D_0hcv4")

[node name="table12SB" type="StaticBody3D" parent="Tables" unique_id=1607763975]

[node name="table12" parent="Tables/table12SB" unique_id=1510006675 instance=ExtResource("2_wx4mr")]
transform = Transform3D(0.9999786, 0, -0.0065449383, 0, 1, 0, 0.0065449383, 0, 0.9999786, -2.802062, 0, 0.8172796)

[node name="plug_strip2" parent="Tables/table12SB/table12" unique_id=572677892 instance=ExtResource("3_6e7js")]
transform = Transform3D(-1, 0, -8.742278e-08, 0, 1, 0, 8.742278e-08, 0, -1, 0.09862709, 0.5526746, -0.3105018)

[node name="computer3" parent="Tables/table12SB/table12" unique_id=107119719 instance=ExtResource("4_0hcv4")]
transform = Transform3D(0.9999924, 0, -0.003944437, 0, 1, 0, 0.003944437, 0, 0.9999924, 0.6607797, 0.5514919, -0.16272157)

[node name="screen4" parent="Tables/table12SB/table12" unique_id=585995189 instance=ExtResource("5_37esg")]
transform = Transform3D(0.9217346, 0, 0.38782138, 0, 1, 0, -0.38782138, 0, 0.9217346, 0.18920541, 0.55566627, -0.038895905)

[node name="computer4" parent="Tables/table12SB/table12" unique_id=1724789815 instance=ExtResource("4_0hcv4")]
transform = Transform3D(0.988915, 0, 0.14848256, 0, 1, 0, -0.14848256, 0, 0.988915, -0.54181004, 0.5514919, -0.039289713)

[node name="keyboard2" parent="Tables/table12SB/table12" unique_id=931895264 instance=ExtResource("6_5spf0")]
transform = Transform3D(0.96686375, 0, 0.2552939, 0, 1, 0, -0.2552939, 0, 0.96686375, 0.28233266, 0.55732656, 0.18516171)

[node name="mouse2" parent="Tables/table12SB/table12" unique_id=2039244139 instance=ExtResource("7_ubcxn")]
transform = Transform3D(0.94145304, 0, 0.33714467, 0, 1, 0, -0.33714467, 0, 0.94145304, 0.5404272, 0.55317175, 0.17824757)

[node name="table12CS" type="CollisionShape3D" parent="Tables/table12SB" unique_id=2081128173]
transform = Transform3D(1, 0, 0, 0, 1, 0, 0, 0, 1, -2.788187, 0.20846558, 0.82188797)
shape = SubResource("BoxShape3D_0hcv4")

[node name="table13SB" type="StaticBody3D" parent="Tables" unique_id=1321901241]

[node name="table13" parent="Tables/table13SB" unique_id=1376985963 instance=ExtResource("2_wx4mr")]
transform = Transform3D(0.9999826, 0, -0.005899179, 0, 1, 0, 0.005899179, 0, 0.9999826, -1.2025629, 1.7881393e-07, 0.81694037)

[node name="plug_strip2" parent="Tables/table13SB/table13" unique_id=1419957047 instance=ExtResource("3_6e7js")]
transform = Transform3D(-1, 0, -8.742278e-08, 0, 1, 0, 8.742278e-08, 0, -1, 0.09862709, 0.5526746, -0.3105018)

[node name="screen2" parent="Tables/table13SB/table13" unique_id=479720977 instance=ExtResource("5_37esg")]
transform = Transform3D(0.98673713, 0, -0.16232716, 0, 1, 0, 0.16232716, 0, 0.98673713, -0.3961501, 0.55566627, -0.1429823)

[node name="screen3" parent="Tables/table13SB/table13" unique_id=959950516 instance=ExtResource("5_37esg")]
transform = Transform3D(0.9952834, 0, -0.097009666, 0, 1, 0, 0.097009666, 0, 0.9952834, 0.18990827, 0.55566627, -0.168922)

[node name="computer2" parent="Tables/table13SB/table13" unique_id=1897143265 instance=ExtResource("4_0hcv4")]
transform = Transform3D(0.9998875, 0, -0.014991814, 0, 1, 0, 0.014991814, 0, 0.9998875, 0.632028, 0.55149186, -0.027923763)

[node name="keyboard3" parent="Tables/table13SB/table13" unique_id=997816561 instance=ExtResource("6_5spf0")]
transform = Transform3D(0.9807343, 0, -0.19534712, 0, 1, 0, 0.19534712, 0, 0.9807343, -0.441118, 0.5573265, 0.16876513)

[node name="mouse3" parent="Tables/table13SB/table13" unique_id=1976145572 instance=ExtResource("7_ubcxn")]
transform = Transform3D(0.99532914, 0, 0.09654073, 0, 1, 0, -0.09654073, 0, 0.99532914, -0.119329095, 0.5531717, 0.199368)

[node name="keyboard4" parent="Tables/table13SB/table13" unique_id=1348929206 instance=ExtResource("6_5spf0")]
transform = Transform3D(0.99466884, 0, 0.10312243, 0, 1, 0, -0.10312243, 0, 0.99466884, 0.1896044, 0.55732656, 0.20609331)

[node name="mouse4" parent="Tables/table13SB/table13" unique_id=188321503 instance=ExtResource("7_ubcxn")]
transform = Transform3D(0.999723, 0, 0.023542397, 0, 1, 0, -0.023542397, 0, 0.999723, 0.47159624, 0.5531717, 0.16172749)

[node name="table13CS" type="CollisionShape3D" parent="Tables/table13SB" unique_id=486890493]
transform = Transform3D(1, 0, 0, 0, 1, 0, 0, 0, 1, -1.2105263, 0.20846558, 0.81375504)
shape = SubResource("BoxShape3D_0hcv4")

[node name="table14SB" type="StaticBody3D" parent="Tables" unique_id=1660622806]

[node name="table14" parent="Tables/table14SB" unique_id=41793665 instance=ExtResource("2_wx4mr")]
transform = Transform3D(1, 0, 0, 0, 1, 0, 0, 0, 1, -2.8181033, 0, 2.9304416)

[node name="plug_strip2" parent="Tables/table14SB/table14" unique_id=1299325361 instance=ExtResource("3_6e7js")]
transform = Transform3D(-1, 0, -8.742278e-08, 0, 1, 0, 8.742278e-08, 0, -1, 0.09862709, 0.5526746, -0.3105018)

[node name="computer3" parent="Tables/table14SB/table14" unique_id=1747403280 instance=ExtResource("4_0hcv4")]
transform = Transform3D(0.9948983, 0, 0.10088266, 0, 1, 0, -0.10088266, 0, 0.9948983, 0.621449, 0.55149186, -0.11918759)

[node name="screen4" parent="Tables/table14SB/table14" unique_id=252892514 instance=ExtResource("5_37esg")]
transform = Transform3D(0.9964047, 0, 0.08472133, 0, 1, 0, -0.08472133, 0, 0.9964047, 0.031324863, 0.55566627, -0.17169833)

[node name="computer4" parent="Tables/table14SB/table14" unique_id=1764073685 instance=ExtResource("4_0hcv4")]
transform = Transform3D(0.98891497, 0, 0.14848256, 0, 1, 0, -0.14848256, 0, 0.98891497, -0.48917198, 0.55149186, -0.04323268)

[node name="keyboard2" parent="Tables/table14SB/table14" unique_id=1975132105 instance=ExtResource("6_5spf0")]
transform = Transform3D(0.99921805, 0, 0.039538853, 0, 1, 0, -0.039538853, 0, 0.99921805, -0.011007786, 0.5573265, 0.14075041)

[node name="mouse2" parent="Tables/table14SB/table14" unique_id=409902051 instance=ExtResource("7_ubcxn")]
transform = Transform3D(0.99538285, 0, 0.09598482, 0, 1, 0, -0.09598482, 0, 0.99538285, 0.3001604, 0.5531717, 0.21434999)

[node name="table14CS" type="CollisionShape3D" parent="Tables/table14SB" unique_id=408325242]
transform = Transform3D(1, 0, 0, 0, 1, 0, 0, 0, 1, -2.7948318, 0.20846558, 2.933666)
shape = SubResource("BoxShape3D_0hcv4")

[node name="table15SB" type="StaticBody3D" parent="Tables" unique_id=1810693592]

[node name="table15" parent="Tables/table15SB" unique_id=1941178089 instance=ExtResource("2_wx4mr")]
transform = Transform3D(0.9999998, 0, -0.00055850536, 0, 1, 0, 0.00055850536, 0, 0.9999998, -1.2227434, 0, 2.9313338)

[node name="plug_strip2" parent="Tables/table15SB/table15" unique_id=110316925 instance=ExtResource("3_6e7js")]
transform = Transform3D(-1, 0, -8.742278e-08, 0, 1, 0, 8.742278e-08, 0, -1, 0.09862709, 0.5526746, -0.3105018)

[node name="screen2" parent="Tables/table15SB/table15" unique_id=1036211852 instance=ExtResource("5_37esg")]
transform = Transform3D(0.9963573, 0, 0.08527782, 0, 1, 0, -0.08527782, 0, 0.9963573, -0.36251795, 0.55566627, -0.17238808)

[node name="screen3" parent="Tables/table15SB/table15" unique_id=1212937158 instance=ExtResource("5_37esg")]
transform = Transform3D(0.9888866, 0, -0.14867245, 0, 1, 0, 0.14867245, 0, 0.9888866, 0.20347285, 0.55566627, -0.17270422)

[node name="computer2" parent="Tables/table15SB/table15" unique_id=1504851957 instance=ExtResource("4_0hcv4")]
transform = Transform3D(0.99840647, 0, -0.056431413, 0, 1, 0, 0.056431413, 0, 0.99840647, 0.61331534, 0.55149186, -0.03395343)

[node name="keyboard3" parent="Tables/table15SB/table15" unique_id=1494268898 instance=ExtResource("6_5spf0")]
transform = Transform3D(0.99984074, 0, -0.017853769, 0, 1, 0, 0.017853769, 0, 0.99984074, -0.36620307, 0.5573265, 0.14404202)

[node name="mouse3" parent="Tables/table15SB/table15" unique_id=1718780737 instance=ExtResource("7_ubcxn")]
transform = Transform3D(0.9953292, 0, 0.096540734, 0, 1, 0, -0.096540734, 0, 0.9953292, -0.126549, 0.5531717, 0.15338492)

[node name="keyboard4" parent="Tables/table15SB/table15" unique_id=109127091 instance=ExtResource("6_5spf0")]
transform = Transform3D(0.9917274, 0, -0.12836291, 0, 1, 0, 0.12836291, 0, 0.9917274, 0.2368952, 0.55732656, 0.13025022)

[node name="mouse4" parent="Tables/table15SB/table15" unique_id=1265238840 instance=ExtResource("7_ubcxn")]
transform = Transform3D(0.99739957, 0, -0.07207186, 0, 1, 0, 0.07207186, 0, 0.99739957, 0.4705028, 0.5531717, 0.23881388)

[node name="table15CS" type="CollisionShape3D" parent="Tables/table15SB" unique_id=1082421834]
transform = Transform3D(1, 0, 0, 0, 1, 0, 0, 0, 1, -1.2105263, 0.20846558, 2.923649)
shape = SubResource("BoxShape3D_0hcv4")

[node name="Chaises" type="Node3D" parent="." unique_id=2027199874]

[node name="chaise2RB" type="RigidBody3D" parent="Chaises" unique_id=657552506]
physics_material_override = ExtResource("9_5spf0")

[node name="chair2" parent="Chaises/chaise2RB" unique_id=1864140521 instance=ExtResource("8_lxqy8")]
transform = Transform3D(0.9975409, 0, -0.07008727, 0, 1, 0, 0.07008727, 0, 0.9975409, -2.8585029, 0, 1.8631663)

[node name="chaise2CS" type="CollisionShape3D" parent="Chaises/chaise2RB" unique_id=853320155]
transform = Transform3D(1, 0, 0, 0, 1, 0, 0, 0, 1, -2.8544104, 0.35689735, 1.8471571)
shape = SubResource("BoxShape3D_6e7js")

[node name="chaise3RB" type="RigidBody3D" parent="Chaises" unique_id=1436372605]
physics_material_override = ExtResource("9_5spf0")

[node name="chair3" parent="Chaises/chaise3RB" unique_id=913378183 instance=ExtResource("8_lxqy8")]
transform = Transform3D(0.96906745, 0, 0.24679606, 0, 1, 0, -0.24679606, 0, 0.96906745, -1.6884646, 0, 1.407335)

[node name="chaise3CS" type="CollisionShape3D" parent="Chaises/chaise3RB" unique_id=1214493850]
transform = Transform3D(0.9690157, 0, 0.24699901, 0, 1, 0, -0.24699901, 0, 0.9690157, -1.684, 0.357, 1.423)
shape = SubResource("BoxShape3D_6e7js")

[node name="chaise4RB" type="RigidBody3D" parent="Chaises" unique_id=2071693919]
physics_material_override = ExtResource("9_5spf0")

[node name="chair4" parent="Chaises/chaise4RB" unique_id=2014991585 instance=ExtResource("8_lxqy8")]
transform = Transform3D(0.7256386, 0, -0.688076, 0, 1, 0, 0.688076, 0, 0.7256386, -2.838081, 0, 3.6084948)

[node name="chaise4CS" type="CollisionShape3D" parent="Chaises/chaise4RB" unique_id=891341814]
transform = Transform3D(0.7253744, 0, -0.68835455, 0, 1, 0, 0.68835455, 0, 0.7253744, -2.7923641, 0.357, 3.5708704)
shape = SubResource("BoxShape3D_6e7js")

[node name="chaise5RB" type="RigidBody3D" parent="Chaises" unique_id=680246583]
physics_material_override = ExtResource("9_5spf0")

[node name="chair5" parent="Chaises/chaise5RB" unique_id=482130773 instance=ExtResource("8_lxqy8")]
transform = Transform3D(1, 0, 0, 0, 1, 0, 0, 0, 1, -1.6008272, 0, 3.5115662)

[node name="chaise5CS" type="CollisionShape3D" parent="Chaises/chaise5RB" unique_id=279864729]
transform = Transform3D(1, 0, 0, 0, 1, 0, 0, 0, 1, -1.5887039, 0.357, 3.4676137)
shape = SubResource("BoxShape3D_6e7js")

[node name="chaise6RB" type="RigidBody3D" parent="Chaises" unique_id=1611596489]
physics_material_override = ExtResource("9_5spf0")

[node name="chair6" parent="Chaises/chaise6RB" unique_id=1173686419 instance=ExtResource("8_lxqy8")]
transform = Transform3D(0.9906576, 0, -0.13637263, 0, 1, 0, 0.13637263, 0, 0.9906576, -0.9626299, 0, 3.5328193)

[node name="chaise6CS" type="CollisionShape3D" parent="Chaises/chaise6RB" unique_id=1323087849]
transform = Transform3D(0.99074787, 0, -0.13571557, 0, 1, 0, 0.13571557, 0, 0.99074787, -0.9789337, 0.357, 3.5424466)
shape = SubResource("BoxShape3D_6e7js")

[node name="chaise7RB" type="RigidBody3D" parent="Chaises" unique_id=860803814]
physics_material_override = ExtResource("9_5spf0")

[node name="chair7" parent="Chaises/chaise7RB" unique_id=30076841 instance=ExtResource("8_lxqy8")]
transform = Transform3D(0.98178005, 0, -0.19002084, 0, 1, 0, 0.19002084, 0, 0.98178005, -2.9648662, -2.3841858e-07, -0.30700755)

[node name="chaise7CS" type="CollisionShape3D" parent="Chaises/chaise7RB" unique_id=1009707063]
transform = Transform3D(0.98162717, 0, -0.190809, 0, 1, 0, 0.190809, 0, 0.98162717, -2.9629476, 0.357, -0.31239203)
shape = SubResource("BoxShape3D_6e7js")

[node name="chaise8RB" type="RigidBody3D" parent="Chaises" unique_id=2107929487]
physics_material_override = ExtResource("9_5spf0")

[node name="chair8" parent="Chaises/chaise8RB" unique_id=1132636070 instance=ExtResource("8_lxqy8")]
transform = Transform3D(0.99062425, 0, -0.1366147, 0, 1, 0, 0.1366147, 0, 0.99062425, -1.5411726, -2.3841858e-07, -0.47617072)

[node name="chaise8CS" type="CollisionShape3D" parent="Chaises/chaise8RB" unique_id=1319222912]
transform = Transform3D(0.99050945, 0, -0.13744454, 0, 1, 0, 0.13744454, 0, 0.99050945, -1.523296, 0.357, -0.5270909)
shape = SubResource("BoxShape3D_6e7js")

[node name="chaise9RB" type="RigidBody3D" parent="Chaises" unique_id=1350935303]
physics_material_override = ExtResource("9_5spf0")

[node name="chair9" parent="Chaises/chaise9RB" unique_id=1867893953 instance=ExtResource("8_lxqy8")]
transform = Transform3D(0.98073757, 0, 0.19532996, 0, 1, 0, -0.19532996, 0, 0.98073757, -0.84437287, 0, -0.5029086)

[node name="chaise9CS" type="CollisionShape3D" parent="Chaises/chaise9RB" unique_id=1335032971]
transform = Transform3D(0.98061466, 0, 0.19594614, 0, 1, 0, -0.19594614, 0, 0.98061466, -0.8570297, 0.357, -0.55218375)
shape = SubResource("BoxShape3D_6e7js")

[node name="chaise10RB" type="RigidBody3D" parent="Chaises" unique_id=1536509709]
physics_material_override = ExtResource("9_5spf0")

[node name="chair10" parent="Chaises/chaise10RB" unique_id=1590920503 instance=ExtResource("8_lxqy8")]
transform = Transform3D(0.99721, 0, -0.07464808, 0, 1, 0, 0.07464808, 0, 0.99721, -3.0938504, 2.3841858e-07, -2.1030974)

[node name="chaise10CS" type="CollisionShape3D" parent="Chaises/chaise10RB" unique_id=1909405801]
transform = Transform3D(0.9971851, 0, -0.074978724, 0, 1, 0, 0.074978724, 0, 0.9971851, -3.0953922, 0.357, -2.144494)
shape = SubResource("BoxShape3D_6e7js")

[node name="chaise11RB" type="RigidBody3D" parent="Chaises" unique_id=589051167]
physics_material_override = ExtResource("9_5spf0")

[node name="chair11" parent="Chaises/chaise11RB" unique_id=1676228169 instance=ExtResource("8_lxqy8")]
transform = Transform3D(0.97160697, 0, -0.23660074, 0, 1, 0, 0.23660074, 0, 0.97160697, -1.7383449, 0, -2.0267515)

[node name="chaise11CS" type="CollisionShape3D" parent="Chaises/chaise11RB" unique_id=1112819875]
transform = Transform3D(0.9715491, 0, -0.23683815, 0, 1, 0, 0.23683815, 0, 0.9715491, -1.7387322, 0.357, -2.0406656)
shape = SubResource("BoxShape3D_6e7js")

[node name="chaise12RB" type="RigidBody3D" parent="Chaises" unique_id=165033622]
physics_material_override = ExtResource("9_5spf0")

[node name="chair12" parent="Chaises/chaise12RB" unique_id=1518691863 instance=ExtResource("8_lxqy8")]
transform = Transform3D(0.9972385, 0, -0.07426514, 0, 1, 0, 0.07426514, 0, 0.9972385, -0.9337738, 0, -2.4355369)

[node name="chaise12CS" type="CollisionShape3D" parent="Chaises/chaise12RB" unique_id=2035445411]
transform = Transform3D(0.99718505, 0, -0.07497872, 0, 1, 0, 0.07497872, 0, 0.99718505, -0.9412701, 0.357, -2.4661024)
shape = SubResource("BoxShape3D_6e7js")

[node name="chaise13RB" type="RigidBody3D" parent="Chaises" unique_id=65062984]
physics_material_override = ExtResource("9_5spf0")

[node name="chair13" parent="Chaises/chaise13RB" unique_id=685855305 instance=ExtResource("8_lxqy8")]
transform = Transform3D(1, 0, 0, 0, 1, 0, 0, 0, 1, 2.8519366, 2.3841858e-07, -1.5689335)

[node name="chaise13CS" type="CollisionShape3D" parent="Chaises/chaise13RB" unique_id=234052298]
transform = Transform3D(0.99718505, 0, -0.07497872, 0, 1, 0, 0.07497872, 0, 0.99718505, 2.8705993, 0.357, -1.5729918)
shape = SubResource("BoxShape3D_6e7js")

[node name="chaise14RB" type="RigidBody3D" parent="Chaises" unique_id=801090248]
physics_material_override = ExtResource("9_5spf0")

[node name="chair14" parent="Chaises/chaise14RB" unique_id=2127891242 instance=ExtResource("8_lxqy8")]
transform = Transform3D(0.97062, 0, 0.24061769, 0, 1, 0, -0.24061769, 0, 0.97062, 2.8424685, 0, 0.78529274)

[node name="chaise14CS" type="CollisionShape3D" parent="Chaises/chaise14RB" unique_id=259165678]
transform = Transform3D(0.97071636, 0, 0.24022801, 0, 1, 0, -0.24022801, 0, 0.97071636, 2.8430324, 0.357, 0.7855884)
shape = SubResource("BoxShape3D_6e7js")

[node name="chaise15RB" type="RigidBody3D" parent="Chaises" unique_id=332590097]
physics_material_override = ExtResource("9_5spf0")

[node name="chair15" parent="Chaises/chaise15RB" unique_id=930616980 instance=ExtResource("8_lxqy8")]
transform = Transform3D(0.94627744, 0, 0.32335597, 0, 1, 0, -0.32335597, 0, 0.94627744, 3.1316633, 0, 2.3219967)

[node name="chaise15CS" type="CollisionShape3D" parent="Chaises/chaise15RB" unique_id=1153915750]
transform = Transform3D(0.9460852, 0, 0.3239174, 0, 1, 0, -0.3239174, 0, 0.9460852, 3.130673, 0.357, 2.3161917)
shape = SubResource("BoxShape3D_6e7js")

[node name="chaise16RB" type="RigidBody3D" parent="Chaises" unique_id=814663385]
physics_material_override = ExtResource("9_5spf0")

[node name="chair16" parent="Chaises/chaise16RB" unique_id=2120646969 instance=ExtResource("8_lxqy8")]
transform = Transform3D(0.9712507, 0, -0.23805884, 0, 1, 0, 0.23805884, 0, 0.9712507, -0.8690063, 0, 1.5225887)

[node name="chaise16CS" type="CollisionShape3D" parent="Chaises/chaise16RB" unique_id=1905243056]
transform = Transform3D(0.9711342, 0, -0.23853344, 0, 1, 0, 0.23853344, 0, 0.9711342, -0.86358476, 0.357, 1.5142971)
shape = SubResource("BoxShape3D_6e7js")

[node name="StaticBody3D" type="StaticBody3D" parent="." unique_id=440257865]
collision_layer = 9
collision_mask = 9
physics_material_override = ExtResource("11_5spf0")

[node name="CollisionShape3D" type="CollisionShape3D" parent="StaticBody3D" unique_id=450051901]
transform = Transform3D(1, 0, 0, 0, 1, 0, 0, 0, 1, 0, -1.297, 0)
shape = SubResource("BoxShape3D_37esg")

[node name="CollisionShape3D2" type="CollisionShape3D" parent="StaticBody3D" unique_id=1172192003]
transform = Transform3D(1, 0, 0, 0, -4.371139e-08, 1, 0, -1, -4.371139e-08, 0, -0.319336, -5.6265507)
shape = SubResource("BoxShape3D_37esg")

[node name="CollisionShape3D3" type="CollisionShape3D" parent="StaticBody3D" unique_id=378644994]
transform = Transform3D(1, 0, 0, 0, -4.371139e-08, -1, 0, 1, -4.371139e-08, 0, -0.319, 5.627)
shape = SubResource("BoxShape3D_37esg")

[node name="CollisionShape3D4" type="CollisionShape3D" parent="StaticBody3D" unique_id=1932392860]
transform = Transform3D(-4.371139e-08, 1, -4.371139e-08, 0, -4.371139e-08, -1, -1, -4.371139e-08, 1.9106855e-15, -4.867218, -0.319, 0)
shape = SubResource("BoxShape3D_37esg")

[node name="CollisionShape3D5" type="CollisionShape3D" parent="StaticBody3D" unique_id=2033745539]
transform = Transform3D(-4.371139e-08, -1, -4.371139e-08, 0, -4.371139e-08, 1, -1, 4.371139e-08, 1.9106855e-15, 4.867, -0.319, 0)
shape = SubResource("BoxShape3D_37esg")

[editable path="MonsterManager"]
