[gd_scene format=3 uid="uid://be0hgt7gls2r3"]

[ext_resource type="PackedScene" uid="uid://n10p2bde28ce" path="res://Imports/Classroom/classroom.glb" id="1_2hgm5"]
[ext_resource type="PackedScene" uid="uid://cptgpngwtjs8p" path="res://Imports/Classroom/table.glb" id="2_wx4mr"]
[ext_resource type="PackedScene" uid="uid://cr74o1fgw2nop" path="res://Imports/Classroom/plug_strip.glb" id="3_6e7js"]
[ext_resource type="PackedScene" uid="uid://dopko7uc5xypi" path="res://Imports/Classroom/computer.glb" id="4_0hcv4"]
[ext_resource type="PackedScene" uid="uid://bfghiccahw1um" path="res://Imports/Classroom/screen.glb" id="5_37esg"]
[ext_resource type="PackedScene" uid="uid://qibyhbciwxik" path="res://Imports/Classroom/keyboard.glb" id="6_5spf0"]
[ext_resource type="PackedScene" uid="uid://cl3e0q0h40lf8" path="res://Imports/Classroom/mouse.glb" id="7_ubcxn"]
[ext_resource type="PackedScene" uid="uid://byf5mpdrpeim1" path="res://Imports/Classroom/chair.glb" id="8_lxqy8"]

[node name="Classroom" type="Node3D" unique_id=1757342605]

[node name="classroom2" parent="." unique_id=104414661 instance=ExtResource("1_2hgm5")]

[node name="table2" parent="classroom2" unique_id=1946077093 instance=ExtResource("2_wx4mr")]
transform = Transform3D(1, 0, 0, 0, 1, 0, 0, 0, 1, -2.8319507, 0, -2.9461558)

[node name="plug_strip2" parent="classroom2/table2" unique_id=1961951541 instance=ExtResource("3_6e7js")]
transform = Transform3D(-1, 0, -8.742278e-08, 0, 1, 0, 8.742278e-08, 0, -1, 0.09862709, 0.5526746, -0.3105018)

[node name="computer3" parent="classroom2/table2" unique_id=1437826114 instance=ExtResource("4_0hcv4")]
transform = Transform3D(0.99979043, 0, -0.020471282, 0, 1, 0, 0.020471282, 0, 0.99979043, 0.621449, 0.55149186, -0.11918759)

[node name="screen4" parent="classroom2/table2" unique_id=1573114800 instance=ExtResource("5_37esg")]
transform = Transform3D(0.98912656, 0, 0.14706713, 0, 1, 0, -0.14706713, 0, 0.98912656, 0.031324863, 0.55566627, -0.17169833)

[node name="computer4" parent="classroom2/table2" unique_id=1165330809 instance=ExtResource("4_0hcv4")]
transform = Transform3D(0.98891497, 0, 0.14848256, 0, 1, 0, -0.14848256, 0, 0.98891497, -0.48917198, 0.55149186, -0.04323268)

[node name="keyboard2" parent="classroom2/table2" unique_id=576641518 instance=ExtResource("6_5spf0")]
transform = Transform3D(0.99581456, 0, -0.091397315, 0, 1, 0, 0.091397315, 0, 0.99581456, -0.011007786, 0.5573265, 0.14075041)

[node name="mouse2" parent="classroom2/table2" unique_id=252273614 instance=ExtResource("7_ubcxn")]
transform = Transform3D(0.9909996, 0, 0.13386519, 0, 1, 0, -0.13386519, 0, 0.9909996, 0.39945674, 0.5531717, 0.21434999)

[node name="table4" parent="classroom2" unique_id=428554303 instance=ExtResource("2_wx4mr")]
transform = Transform3D(-0.99999994, 0, 0.00055859284, 0, 1, 0, -0.00055859284, 0, -0.99999994, 2.829128, 0, 1.6912689)

[node name="plug_strip2" parent="classroom2/table4" unique_id=1759846584 instance=ExtResource("3_6e7js")]
transform = Transform3D(-0.99999994, 0, -8.742791e-08, 0, 1, 0, 8.742791e-08, 0, -0.99999994, 0.09897208, 0.5526746, 0.3079412)

[node name="screen3" parent="classroom2/table4" unique_id=1332813412 instance=ExtResource("5_37esg")]
transform = Transform3D(-0.9721697, 0, -0.2342769, 0, 1, 0, 0.2342769, 0, -0.9721697, -0.087655544, 0.55566627, 0.19314075)

[node name="computer2" parent="classroom2/table4" unique_id=1218073465 instance=ExtResource("4_0hcv4")]
transform = Transform3D(-0.999781, 0, -0.020907637, 0, 1, 0, 0.020907637, 0, -0.999781, -0.639853, 0.55149186, 0.071591616)

[node name="keyboard4" parent="classroom2/table4" unique_id=1785685382 instance=ExtResource("6_5spf0")]
transform = Transform3D(-0.9798199, 0, -0.19988105, 0, 1, 0, 0.19988105, 0, -0.9798199, -0.065410376, 0.55732656, -0.13669908)

[node name="mouse4" parent="classroom2/table4" unique_id=1558188386 instance=ExtResource("7_ubcxn")]
transform = Transform3D(-0.9955701, 0, 0.094021276, 0, 1, 0, -0.094021276, 0, -0.9955701, -0.4073105, 0.5531717, -0.22561896)

[node name="table6" parent="classroom2" unique_id=750795872 instance=ExtResource("2_wx4mr")]
transform = Transform3D(-0.9999748, 0, 0.0071035177, 0, 1, 0, -0.0071035177, 0, -0.9999748, 2.8258245, 0, -0.10597396)

[node name="plug_strip2" parent="classroom2/table6" unique_id=290371107 instance=ExtResource("3_6e7js")]
transform = Transform3D(-0.99999994, 0, -8.742791e-08, 0, 1, 0, 8.742791e-08, 0, -0.99999994, 0.09897208, 0.5526746, 0.3079412)

[node name="screen3" parent="classroom2/table6" unique_id=1976398649 instance=ExtResource("5_37esg")]
transform = Transform3D(-0.99998343, 0, -0.0057596555, 0, 1, 0, 0.0057596555, 0, -0.99998343, 0.049405813, 0.55566627, 0.2312192)

[node name="computer2" parent="classroom2/table6" unique_id=261862968 instance=ExtResource("4_0hcv4")]
transform = Transform3D(-0.9998164, 0, 0.019162446, 0, 1, 0, -0.019162446, 0, -0.9998164, -0.5637865, 0.55149186, 0.024472088)

[node name="keyboard4" parent="classroom2/table6" unique_id=1623623097 instance=ExtResource("6_5spf0")]
transform = Transform3D(-0.9630454, 0, -0.26934016, 0, 1, 0, 0.26934016, 0, -0.9630454, 0.2620437, 0.55732656, -0.15404452)

[node name="mouse4" parent="classroom2/table6" unique_id=623295656 instance=ExtResource("7_ubcxn")]
transform = Transform3D(-0.99656993, 0, -0.0827562, 0, 1, 0, 0.0827562, 0, -0.99656993, -0.1366179, 0.5531717, -0.26347864)

[node name="table8" parent="classroom2" unique_id=1284415079 instance=ExtResource("2_wx4mr")]
transform = Transform3D(-0.99999994, 0, 0.00055859284, 0, 1, 0, -0.00055859284, 0, -0.99999994, 2.8445234, 0, -2.0733733)

[node name="plug_strip2" parent="classroom2/table8" unique_id=1621232880 instance=ExtResource("3_6e7js")]
transform = Transform3D(-0.99999994, 0, -8.742791e-08, 0, 1, 0, 8.742791e-08, 0, -0.99999994, 0.09897208, 0.5526746, 0.3079412)

[node name="screen3" parent="classroom2/table8" unique_id=2036502787 instance=ExtResource("5_37esg")]
transform = Transform3D(-0.9999833, 0, -0.0057596555, 0, 1, 0, 0.0057596555, 0, -0.9999833, -0.063577175, 0.55566627, 0.12105036)

[node name="computer2" parent="classroom2/table8" unique_id=1480483518 instance=ExtResource("4_0hcv4")]
transform = Transform3D(-0.9951502, 0, -0.09836461, 0, 1, 0, 0.09836461, 0, -0.9951502, -0.5027933, 0.55149186, 0.035428762)

[node name="keyboard4" parent="classroom2/table8" unique_id=1263600097 instance=ExtResource("6_5spf0")]
transform = Transform3D(-0.99965507, 0, -0.026264284, 0, 1, 0, 0.026264284, 0, -0.99965507, -0.0109119415, 0.55732656, -0.17245781)

[node name="mouse4" parent="classroom2/table8" unique_id=589716774 instance=ExtResource("7_ubcxn")]
transform = Transform3D(-0.99656993, 0, -0.082756184, 0, 1, 0, 0.082756184, 0, -0.99656993, -0.31630516, 0.5531717, -0.21183825)

[node name="table3" parent="classroom2" unique_id=593095374 instance=ExtResource("2_wx4mr")]
transform = Transform3D(1, 0, 0, 0, 1, 0, 0, 0, 1, -1.2237175, 0, -2.9407952)

[node name="plug_strip2" parent="classroom2/table3" unique_id=1584154313 instance=ExtResource("3_6e7js")]
transform = Transform3D(-1, 0, -8.742278e-08, 0, 1, 0, 8.742278e-08, 0, -1, 0.09862709, 0.5526746, -0.3105018)

[node name="screen2" parent="classroom2/table3" unique_id=1788878528 instance=ExtResource("5_37esg")]
transform = Transform3D(0.99999964, 0, -0.0009773821, 0, 1, 0, 0.0009773821, 0, 0.99999964, -0.36251795, 0.55566627, -0.17238808)

[node name="screen3" parent="classroom2/table3" unique_id=941977636 instance=ExtResource("5_37esg")]
transform = Transform3D(0.99954265, 0, -0.030241951, 0, 1, 0, 0.030241951, 0, 0.99954265, 0.20347285, 0.55566627, -0.17270422)

[node name="computer2" parent="classroom2/table3" unique_id=646024295 instance=ExtResource("4_0hcv4")]
transform = Transform3D(0.99840647, 0, -0.056431413, 0, 1, 0, 0.056431413, 0, 0.99840647, 0.61331534, 0.55149186, -0.03395343)

[node name="keyboard3" parent="classroom2/table3" unique_id=481990064 instance=ExtResource("6_5spf0")]
transform = Transform3D(0.99984074, 0, -0.017853769, 0, 1, 0, 0.017853769, 0, 0.99984074, -0.40270793, 0.5573265, 0.2078855)

[node name="mouse3" parent="classroom2/table3" unique_id=1036190195 instance=ExtResource("7_ubcxn")]
transform = Transform3D(0.9953292, 0, 0.096540734, 0, 1, 0, -0.096540734, 0, 0.9953292, -0.126549, 0.5531717, 0.15338492)

[node name="keyboard4" parent="classroom2/table3" unique_id=775565983 instance=ExtResource("6_5spf0")]
transform = Transform3D(0.9982565, 0, -0.059027605, 0, 1, 0, 0.059027605, 0, 0.9982565, 0.24528873, 0.55732656, 0.19322515)

[node name="mouse4" parent="classroom2/table3" unique_id=575833808 instance=ExtResource("7_ubcxn")]
transform = Transform3D(0.99739957, 0, -0.07207186, 0, 1, 0, 0.07207186, 0, 0.99739957, 0.4705028, 0.5531717, 0.23881388)

[node name="table10" parent="classroom2" unique_id=1953581607 instance=ExtResource("2_wx4mr")]
transform = Transform3D(1, 0, 0, 0, 1, 0, 0, 0, 1, -2.806439, 0, -1.1042752)

[node name="plug_strip2" parent="classroom2/table10" unique_id=1416524552 instance=ExtResource("3_6e7js")]
transform = Transform3D(-1, 0, -8.742278e-08, 0, 1, 0, 8.742278e-08, 0, -1, 0.09862709, 0.5526746, -0.3105018)

[node name="computer3" parent="classroom2/table10" unique_id=196850436 instance=ExtResource("4_0hcv4")]
transform = Transform3D(0.99624175, 0, 0.08661675, 0, 1, 0, -0.08661675, 0, 0.99624175, 0.621449, 0.55149186, -0.11918759)

[node name="screen4" parent="classroom2/table10" unique_id=443155836 instance=ExtResource("5_37esg")]
transform = Transform3D(0.99804646, 0, 0.062476985, 0, 1, 0, -0.062476985, 0, 0.99804646, 0.06867409, 0.5556664, -0.15004647)

[node name="computer4" parent="classroom2/table10" unique_id=870102258 instance=ExtResource("4_0hcv4")]
transform = Transform3D(0.98891497, 0, 0.14848256, 0, 1, 0, -0.14848256, 0, 0.98891497, -0.5307176, 0.55149186, -0.04323268)

[node name="keyboard2" parent="classroom2/table10" unique_id=898937664 instance=ExtResource("6_5spf0")]
transform = Transform3D(0.99921805, 0, 0.039538853, 0, 1, 0, -0.039538853, 0, 0.99921805, 0.00082445145, 0.5573266, 0.17775697)

[node name="mouse2" parent="classroom2/table10" unique_id=211331492 instance=ExtResource("7_ubcxn")]
transform = Transform3D(0.99538285, 0, 0.09598482, 0, 1, 0, -0.09598482, 0, 0.99538285, 0.297745, 0.5531717, 0.18238229)

[node name="table11" parent="classroom2" unique_id=271777136 instance=ExtResource("2_wx4mr")]
transform = Transform3D(1, 0, 0, 0, 1, 0, 0, 0, 1, -1.202206, 0, -1.1086032)

[node name="plug_strip2" parent="classroom2/table11" unique_id=1232760596 instance=ExtResource("3_6e7js")]
transform = Transform3D(-1, 0, -8.742278e-08, 0, 1, 0, 8.742278e-08, 0, -1, 0.09862709, 0.5526746, -0.3105018)

[node name="screen2" parent="classroom2/table11" unique_id=1866508436 instance=ExtResource("5_37esg")]
transform = Transform3D(0.9963573, 0, 0.08527782, 0, 1, 0, -0.08527782, 0, 0.9963573, -0.4083265, 0.55566627, -0.16641438)

[node name="screen3" parent="classroom2/table11" unique_id=2096349679 instance=ExtResource("5_37esg")]
transform = Transform3D(0.9998422, 0, -0.01776652, 0, 1, 0, 0.01776652, 0, 0.9998422, 0.20347285, 0.55566627, -0.17270422)

[node name="computer2" parent="classroom2/table11" unique_id=1966758407 instance=ExtResource("4_0hcv4")]
transform = Transform3D(0.99840647, 0, -0.056431413, 0, 1, 0, 0.056431413, 0, 0.99840647, 0.6436918, 0.551492, -0.05535531)

[node name="keyboard3" parent="classroom2/table11" unique_id=1108263266 instance=ExtResource("6_5spf0")]
transform = Transform3D(0.99984074, 0, -0.017853769, 0, 1, 0, 0.017853769, 0, 0.99984074, -0.4310224, 0.5573265, 0.14420956)

[node name="mouse3" parent="classroom2/table11" unique_id=905264839 instance=ExtResource("7_ubcxn")]
transform = Transform3D(0.9953292, 0, 0.096540734, 0, 1, 0, -0.096540734, 0, 0.9953292, -0.17896235, 0.5531717, 0.15338492)

[node name="keyboard4" parent="classroom2/table11" unique_id=764235482 instance=ExtResource("6_5spf0")]
transform = Transform3D(0.9917274, 0, -0.12836291, 0, 1, 0, 0.12836291, 0, 0.9917274, 0.23171502, 0.55732644, 0.14918667)

[node name="mouse4" parent="classroom2/table11" unique_id=1760536194 instance=ExtResource("7_ubcxn")]
transform = Transform3D(0.99739957, 0, -0.07207186, 0, 1, 0, 0.07207186, 0, 0.99739957, 0.48941272, 0.5531717, 0.22062385)

[node name="table12" parent="classroom2" unique_id=120671183 instance=ExtResource("2_wx4mr")]
transform = Transform3D(0.9999786, 0, -0.0065449383, 0, 1, 0, 0.0065449383, 0, 0.9999786, -2.802062, 0, 0.8172796)

[node name="plug_strip2" parent="classroom2/table12" unique_id=1735631264 instance=ExtResource("3_6e7js")]
transform = Transform3D(-1, 0, -8.742278e-08, 0, 1, 0, 8.742278e-08, 0, -1, 0.09862709, 0.5526746, -0.3105018)

[node name="computer3" parent="classroom2/table12" unique_id=1573548316 instance=ExtResource("4_0hcv4")]
transform = Transform3D(0.9999924, 0, -0.003944437, 0, 1, 0, 0.003944437, 0, 0.9999924, 0.6607797, 0.5514919, -0.16272157)

[node name="screen4" parent="classroom2/table12" unique_id=1405866564 instance=ExtResource("5_37esg")]
transform = Transform3D(0.9217346, 0, 0.38782138, 0, 1, 0, -0.38782138, 0, 0.9217346, 0.18920541, 0.55566627, -0.038895905)

[node name="computer4" parent="classroom2/table12" unique_id=721262101 instance=ExtResource("4_0hcv4")]
transform = Transform3D(0.988915, 0, 0.14848256, 0, 1, 0, -0.14848256, 0, 0.988915, -0.54181004, 0.5514919, -0.039289713)

[node name="keyboard2" parent="classroom2/table12" unique_id=1794075550 instance=ExtResource("6_5spf0")]
transform = Transform3D(0.96686375, 0, 0.2552939, 0, 1, 0, -0.2552939, 0, 0.96686375, 0.28233266, 0.55732656, 0.18516171)

[node name="mouse2" parent="classroom2/table12" unique_id=1613786630 instance=ExtResource("7_ubcxn")]
transform = Transform3D(0.94145304, 0, 0.33714467, 0, 1, 0, -0.33714467, 0, 0.94145304, 0.5404272, 0.55317175, 0.17824757)

[node name="table13" parent="classroom2" unique_id=1799800527 instance=ExtResource("2_wx4mr")]
transform = Transform3D(0.9999826, 0, -0.005899179, 0, 1, 0, 0.005899179, 0, 0.9999826, -1.2025629, 1.7881393e-07, 0.81694037)

[node name="plug_strip2" parent="classroom2/table13" unique_id=1518729808 instance=ExtResource("3_6e7js")]
transform = Transform3D(-1, 0, -8.742278e-08, 0, 1, 0, 8.742278e-08, 0, -1, 0.09862709, 0.5526746, -0.3105018)

[node name="screen2" parent="classroom2/table13" unique_id=429496963 instance=ExtResource("5_37esg")]
transform = Transform3D(0.98673713, 0, -0.16232716, 0, 1, 0, 0.16232716, 0, 0.98673713, -0.3961501, 0.55566627, -0.1429823)

[node name="screen3" parent="classroom2/table13" unique_id=769867390 instance=ExtResource("5_37esg")]
transform = Transform3D(0.9952834, 0, -0.097009666, 0, 1, 0, 0.097009666, 0, 0.9952834, 0.18990827, 0.55566627, -0.168922)

[node name="computer2" parent="classroom2/table13" unique_id=1992063569 instance=ExtResource("4_0hcv4")]
transform = Transform3D(0.9998875, 0, -0.014991814, 0, 1, 0, 0.014991814, 0, 0.9998875, 0.632028, 0.55149186, -0.027923763)

[node name="keyboard3" parent="classroom2/table13" unique_id=501113084 instance=ExtResource("6_5spf0")]
transform = Transform3D(0.9807343, 0, -0.19534712, 0, 1, 0, 0.19534712, 0, 0.9807343, -0.441118, 0.5573265, 0.16876513)

[node name="mouse3" parent="classroom2/table13" unique_id=358564699 instance=ExtResource("7_ubcxn")]
transform = Transform3D(0.99532914, 0, 0.09654073, 0, 1, 0, -0.09654073, 0, 0.99532914, -0.119329095, 0.5531717, 0.199368)

[node name="keyboard4" parent="classroom2/table13" unique_id=1914361162 instance=ExtResource("6_5spf0")]
transform = Transform3D(0.99466884, 0, 0.10312243, 0, 1, 0, -0.10312243, 0, 0.99466884, 0.1896044, 0.55732656, 0.20609331)

[node name="mouse4" parent="classroom2/table13" unique_id=109080064 instance=ExtResource("7_ubcxn")]
transform = Transform3D(0.999723, 0, 0.023542397, 0, 1, 0, -0.023542397, 0, 0.999723, 0.47159624, 0.5531717, 0.16172749)

[node name="table14" parent="classroom2" unique_id=869561224 instance=ExtResource("2_wx4mr")]
transform = Transform3D(1, 0, 0, 0, 1, 0, 0, 0, 1, -2.8181033, 0, 2.9304416)

[node name="plug_strip2" parent="classroom2/table14" unique_id=1519005034 instance=ExtResource("3_6e7js")]
transform = Transform3D(-1, 0, -8.742278e-08, 0, 1, 0, 8.742278e-08, 0, -1, 0.09862709, 0.5526746, -0.3105018)

[node name="computer3" parent="classroom2/table14" unique_id=1816727432 instance=ExtResource("4_0hcv4")]
transform = Transform3D(0.9948983, 0, 0.10088266, 0, 1, 0, -0.10088266, 0, 0.9948983, 0.621449, 0.55149186, -0.11918759)

[node name="screen4" parent="classroom2/table14" unique_id=908503517 instance=ExtResource("5_37esg")]
transform = Transform3D(0.9964047, 0, 0.08472133, 0, 1, 0, -0.08472133, 0, 0.9964047, 0.031324863, 0.55566627, -0.17169833)

[node name="computer4" parent="classroom2/table14" unique_id=334250642 instance=ExtResource("4_0hcv4")]
transform = Transform3D(0.98891497, 0, 0.14848256, 0, 1, 0, -0.14848256, 0, 0.98891497, -0.48917198, 0.55149186, -0.04323268)

[node name="keyboard2" parent="classroom2/table14" unique_id=409205455 instance=ExtResource("6_5spf0")]
transform = Transform3D(0.99921805, 0, 0.039538853, 0, 1, 0, -0.039538853, 0, 0.99921805, -0.011007786, 0.5573265, 0.14075041)

[node name="mouse2" parent="classroom2/table14" unique_id=1007336280 instance=ExtResource("7_ubcxn")]
transform = Transform3D(0.99538285, 0, 0.09598482, 0, 1, 0, -0.09598482, 0, 0.99538285, 0.3001604, 0.5531717, 0.21434999)

[node name="table15" parent="classroom2" unique_id=2125274263 instance=ExtResource("2_wx4mr")]
transform = Transform3D(0.9999998, 0, -0.00055850536, 0, 1, 0, 0.00055850536, 0, 0.9999998, -1.2227434, 0, 2.9313338)

[node name="plug_strip2" parent="classroom2/table15" unique_id=1815000378 instance=ExtResource("3_6e7js")]
transform = Transform3D(-1, 0, -8.742278e-08, 0, 1, 0, 8.742278e-08, 0, -1, 0.09862709, 0.5526746, -0.3105018)

[node name="screen2" parent="classroom2/table15" unique_id=1180945017 instance=ExtResource("5_37esg")]
transform = Transform3D(0.9963573, 0, 0.08527782, 0, 1, 0, -0.08527782, 0, 0.9963573, -0.36251795, 0.55566627, -0.17238808)

[node name="screen3" parent="classroom2/table15" unique_id=1116930494 instance=ExtResource("5_37esg")]
transform = Transform3D(0.9888866, 0, -0.14867245, 0, 1, 0, 0.14867245, 0, 0.9888866, 0.20347285, 0.55566627, -0.17270422)

[node name="computer2" parent="classroom2/table15" unique_id=1961088335 instance=ExtResource("4_0hcv4")]
transform = Transform3D(0.99840647, 0, -0.056431413, 0, 1, 0, 0.056431413, 0, 0.99840647, 0.61331534, 0.55149186, -0.03395343)

[node name="keyboard3" parent="classroom2/table15" unique_id=965383945 instance=ExtResource("6_5spf0")]
transform = Transform3D(0.99984074, 0, -0.017853769, 0, 1, 0, 0.017853769, 0, 0.99984074, -0.36620307, 0.5573265, 0.14404202)

[node name="mouse3" parent="classroom2/table15" unique_id=640605197 instance=ExtResource("7_ubcxn")]
transform = Transform3D(0.9953292, 0, 0.096540734, 0, 1, 0, -0.096540734, 0, 0.9953292, -0.126549, 0.5531717, 0.15338492)

[node name="keyboard4" parent="classroom2/table15" unique_id=2111126974 instance=ExtResource("6_5spf0")]
transform = Transform3D(0.9917274, 0, -0.12836291, 0, 1, 0, 0.12836291, 0, 0.9917274, 0.2368952, 0.55732656, 0.13025022)

[node name="mouse4" parent="classroom2/table15" unique_id=897156909 instance=ExtResource("7_ubcxn")]
transform = Transform3D(0.99739957, 0, -0.07207186, 0, 1, 0, 0.07207186, 0, 0.99739957, 0.4705028, 0.5531717, 0.23881388)

[node name="chair2" parent="classroom2" unique_id=765506638 instance=ExtResource("8_lxqy8")]
transform = Transform3D(0.9975409, 0, -0.07008727, 0, 1, 0, 0.07008727, 0, 0.9975409, -2.8585029, 0, 1.8631663)

[node name="chair3" parent="classroom2" unique_id=1857012795 instance=ExtResource("8_lxqy8")]
transform = Transform3D(0.96906745, 0, 0.24679606, 0, 1, 0, -0.24679606, 0, 0.96906745, -1.6884646, 0, 1.407335)

[node name="chair4" parent="classroom2" unique_id=297493039 instance=ExtResource("8_lxqy8")]
transform = Transform3D(0.7256386, 0, -0.688076, 0, 1, 0, 0.688076, 0, 0.7256386, -2.838081, 0, 3.6084948)

[node name="chair5" parent="classroom2" unique_id=144283388 instance=ExtResource("8_lxqy8")]
transform = Transform3D(1, 0, 0, 0, 1, 0, 0, 0, 1, -1.6008272, 0, 3.5115662)

[node name="chair6" parent="classroom2" unique_id=1253676876 instance=ExtResource("8_lxqy8")]
transform = Transform3D(0.9906576, 0, -0.13637263, 0, 1, 0, 0.13637263, 0, 0.9906576, -0.9626299, 0, 3.5328193)

[node name="chair7" parent="classroom2" unique_id=653093560 instance=ExtResource("8_lxqy8")]
transform = Transform3D(0.98178005, 0, -0.19002084, 0, 1, 0, 0.19002084, 0, 0.98178005, -2.9648662, -2.3841858e-07, -0.30700755)

[node name="chair8" parent="classroom2" unique_id=599729050 instance=ExtResource("8_lxqy8")]
transform = Transform3D(0.99062425, 0, -0.1366147, 0, 1, 0, 0.1366147, 0, 0.99062425, -1.5411726, -2.3841858e-07, -0.47617072)

[node name="chair9" parent="classroom2" unique_id=760332190 instance=ExtResource("8_lxqy8")]
transform = Transform3D(0.98073757, 0, 0.19532996, 0, 1, 0, -0.19532996, 0, 0.98073757, -0.84437287, 0, -0.5029086)

[node name="chair10" parent="classroom2" unique_id=1762901224 instance=ExtResource("8_lxqy8")]
transform = Transform3D(0.99721, 0, -0.07464808, 0, 1, 0, 0.07464808, 0, 0.99721, -3.0938504, 2.3841858e-07, -2.1030974)

[node name="chair11" parent="classroom2" unique_id=1916619069 instance=ExtResource("8_lxqy8")]
transform = Transform3D(0.97160697, 0, -0.23660074, 0, 1, 0, 0.23660074, 0, 0.97160697, -1.7383449, 0, -2.0267515)

[node name="chair12" parent="classroom2" unique_id=1790808144 instance=ExtResource("8_lxqy8")]
transform = Transform3D(0.9972385, 0, -0.07426514, 0, 1, 0, 0.07426514, 0, 0.9972385, -0.9337738, 0, -2.4355369)

[node name="chair13" parent="classroom2" unique_id=288256656 instance=ExtResource("8_lxqy8")]
transform = Transform3D(1, 0, 0, 0, 1, 0, 0, 0, 1, 2.8519366, 2.3841858e-07, -1.5689335)

[node name="chair14" parent="classroom2" unique_id=431525008 instance=ExtResource("8_lxqy8")]
transform = Transform3D(0.97062, 0, 0.24061769, 0, 1, 0, -0.24061769, 0, 0.97062, 2.8424685, 0, 0.78529274)

[node name="chair15" parent="classroom2" unique_id=1438746378 instance=ExtResource("8_lxqy8")]
transform = Transform3D(0.94627744, 0, 0.32335597, 0, 1, 0, -0.32335597, 0, 0.94627744, 3.1316633, 0, 2.3219967)

[node name="chair2" parent="." unique_id=1401229367 instance=ExtResource("8_lxqy8")]
transform = Transform3D(0.9712507, 0, -0.23805884, 0, 1, 0, 0.23805884, 0, 0.9712507, -0.8690063, 0, 1.5225887)
